Title: Email 2
Description: This email is using a different method to hide the text. Good luck.

-------------
MESSAGE START
-------------

from: kat@evilcorp.net
to: mark@evilcorp.net

72 101 121 32 77 97 114 107 44 10 10 73 39 109 32 115 116 97 114 116 105 110 103 32 116 111 32 119 111 114 114 121 32 97 98 111 117 116 32 112 101 111 112 108 101 32 108 105 115 116 101 110 105 110 103 32 105 110 46 32 73 32 116 104 105 110 107 32 116 104 101 32 112 114 101 118 105 111 117 115 32 101 109 97 105 108 32 109 97 121 32 98 101 32 99 111 109 112 114 105 109 105 115 101 100 46 32 73 32 100 111 110 39 116 32 119 97 110 116 32 116 111 32 100 105 115 99 117 115 115 32 97 110 121 32 111 102 32 116 104 101 32 112 108 97 110 115 32 119 105 116 104 32 121 111 117 32 119 105 116 104 111 117 116 32 112 114 111 112 101 114 32 109 101 97 115 117 114 101 115 32 105 110 32 112 108 97 99 101 46 32 84 104 105 115 32 109 101 116 104 111 100 32 115 104 111 117 108 100 32 98 101 32 115 101 99 117 114 101 32 102 111 114 32 116 104 101 32 116 105 109 101 32 98 101 105 110 103 46 32 84 104 101 32 110 101 119 32 116 111 107 101 110 32 121 111 117 32 119 105 108 108 32 110 101 101 100 32 105 115 32 102 108 97 103 123 52 115 99 105 105 95 119 104 52 116 95 121 48 117 95 100 105 100 95 116 104 51 114 51 125 46 10 10 85 110 116 105 108 32 110 101 120 116 32 116 105 109 101 44 10 75 97 116 

-----------
MESSAGE END
-----------
Instructions: None